2235200,589,667
27810300,7267,8314
4629800,2735,817
2661800,1706,487
798600,469,7850
21644900,6677,6517
110200,38,2170
6746600,2949,1793
3571600,2395,783
3220200,1123,9333
3488300,2076,6978
9036200,4472,1903
24760300,7862,8413
27859000,9505,7534
25098100,8973,7515
1489000,1230,310
800400,564,1075
22449700,9808,3022
12166600,6035,7060
16864400,5856,6218
6276300,4328,5470
2391800,2816,1264
3056900,2936,4600
17099200,7322,7345
2090000,2362,3361
7604100,5018,3271
3595800,3532,2124
24437300,8450,5356
8803800,4913,5497
3941900,2193,6816
332900,538,557
1423700,1758,161
19412200,8630,8162
2029600,2410,2068
4092400,3598,3208
3711000,2559,695
10872800,5432,3416
8218500,5100,6263
891700,1544,3050
96400,191,3771
84500,220,2767
14021000,7700,7944
14497300,6858,9390
14707500,8490,5570
16271200,7324,9959
16065800,7653,9561
23900500,9137,9779
1903900,2641,774
8882000,4861,7654
7375200,4561,6941
16088500,7978,3341
20753700,9724,3644
15527500,7149,3426
2360400,3163,1986
13332400,6972,9381
47948700,6653,7071
1686800,2047,3212
21449800,9381,7259
12384400,6880,2570
15597600,8163,3401
854900,1477,4544
4193100,4111,7555
14740500,7867,9056
21074600,8707,5387
1599600,2431,1415
11383000,6217,7796
6566200,4971,6843
642000,1153,845
14384800,6997,4865
565800,1027,7899
871600,1671,586
5773200,4752,3980
2079300,2823,885
2686400,3539,740
24950700,9934,5702
15678500,8489,5036
17563200,8308,9418
14442900,6993,5909
9380700,5712,3369
2861400,3547,1551
12425700,7052,9396
10171200,6053,8774
4777500,4492,4918
2409800,3194,1917
8334200,5772,2307
49600,77,29
2204700,2627,1398
1457800,1857,4726
11460800,6582,7597
15761200,9318,9392
2162200,3037,2719
850700,1333,3073
2223400,2873,1646
855800,1635,432
5189100,4794,5733
7794600,5616,416
8755900,5694,3638
20954800,9354,1392
17063600,6003,7154
26168900,307,5110
