32376200,60,762
5974900,74,5528
17998500,70,1313
21718100,67,132
2415800,63,806
8364400,71,3642
21083500,66,3862
12089400,64,2103
14243000,63,7697
23544500,70,3128
19672400,68,4297
52054000,70,4683
29309600,62,901
2504100,66,3476
363600,61,93
30396800,66,7156
18485900,54,5055
6959500,80,118
1365100,76,128
8687800,80,3080
7286600,76,6226
436600,66,718
1343600,62,3092
17123600,76,3937
18332100,73,4158
21076200,81,4275
426400,61,2257
24434100,77,461
37464300,71,99
7856400,78,1574
4955300,72,1409
10455200,76,2934
2532700,65,70
21948700,80,7119
16569800,77,5459
15028300,78,911
17158200,73,3286
9475400,78,630
19416500,71,144
32060700,77,2476
21440100,69,348
7757900,75,1046
2585800,71,245
17883500,76,7020
13223000,65,4703
227300,71,16
16724100,69,1287
9257100,71,643
1919200,63,768
549300,77,254
2312800,75,506
18519500,75,6656
1275600,69,238
17346200,75,484
15563300,74,1132
18743600,75,309
16752600,67,442
3593700,74,4475
20034200,71,5813
1428500,73,1362
6749600,69,745
679600,72,29
2711400,69,94
1156700,72,472
15750000,63,6763
5609800,77,727
3596600,75,3353
3129800,73,1007
1932500,67,410
10603100,73,1679
15016100,71,914
1285200,59,5110
13255200,64,8304
584100,58,6232
2698900,68,27
1747200,61,2544
18881400,67,2398
277400,52,1618
14727700,67,4757
13318900,70,2560
4832600,57,2589
213500,67,1552
8608800,75,682
3545600,72,100
15141500,70,265
16167200,80,4341
15436400,71,580
11906200,74,6426
13060600,67,297
5167500,75,243
6795300,76,2418
102800,44,1943
34300,27,1353
2711900,74,2015
7299300,71,2343
5071000,68,184
11832900,66,2653
474600,62,699
5582000,74,3571
13545800,71,70
38694500,70,803
16807400,75,2865
710600,67,16
383300,52,3890
8789900,65,952
3783200,73,818
49300,47,53
15416100,69,619
2706200,68,1907
13075700,72,6555
442700,47,1013
1298900,67,621
15657400,58,2886
4861700,77,1734
9161000,73,571
5156600,75,2816
12473600,70,6843
15165500,78,4626
1202100,57,2376
4218200,69,814
1303300,62,178
1823700,72,1458
440900,53,2270
950300,72,235
14132900,66,1115
7859800,73,1035
176000,45,438
1485300,56,1149
490800,43,6714
1019400,63,3768
10683100,72,2231
5949600,68,683
12086100,64,3401
19831200,70,3096
94600,37,8910
1335000,55,6553
15142200,61,4352
77000,56,57
16741100,68,841
199800,54,726
3053000,61,1807
2552000,67,3318
17095100,64,7876
10780900,62,217
19160500,59,2112
19288000,85,8171
457800,61,2083
2092600,75,383
7570100,73,2226
13840000,76,2579
19067000,75,3458
896400,61,4261
190500,62,1
208400,76,132
1259800,74,1295
12785500,76,6610
14138600,69,2854
16843400,73,610
14323600,69,1409
9224500,71,3244
13429200,62,4016
5540500,74,297
12412100,73,3667
14027100,74,4019
2076600,65,11
11338800,75,2362
2288100,70,1433
9974700,71,6481
13264300,63,3073
302000,54,1453
2041500,68,144
11837300,72,6213
15366100,64,952
1674800,70,3145
4461600,67,2347
11017400,69,5389
14698200,61,5089
1738800,73,209
15005500,74,1280
1950700,73,829
14173300,72,6744
14371000,73,3612
3061200,71,1966
12746000,72,5168
9093100,65,272
15403100,74,2346
14903300,68,372
10889500,70,451
15477700,65,1438
3795400,71,3767
2509100,66,3006
14511300,67,3286
441800,58,156
426800,55,518
17783000,72,5759
26615800,73,8893
20395900,65,132
4560800,72,4014
3407900,65,2232
14435800,68,933
9157700,59,1297
11649600,68,1008
9969500,68,485
3969000,66,705
10448900,62,3169
4713700,68,4198
414600,48,4977
4635600,67,2261
878300,44,1911
18173600,80,4484
6256400,71,1687
1359700,72,917
8968700,68,1487
8714300,73,1679
2720600,70,2522
358800,50,205
1339100,64,91
16343900,75,1688
5993100,69,2716
5418400,68,171
14179200,65,2609
46100,55,37
8159700,68,3920
13193200,67,597
8958400,59,2819
15601600,73,1933
14910000,71,4799
1257900,59,876
14922500,65,5077
3083800,73,463
994400,55,2979
3205200,64,1014
19356100,62,2067
863200,56,62
2779400,66,1539
6665600,69,3703
14593400,63,667
82800,54,1562
1026900,52,3598
126700,52,1087
1226800,46,5149
5136600,74,3990
9995100,71,8653
12015500,71,1720
8729100,69,2542
3049700,70,1567
686000,65,57
8179100,69,4933
740900,49,3221
955600,57,8129
15793400,66,1421
3168200,68,718
13438800,61,3589
12501200,65,432
11637900,61,183
15041900,68,7068
1163300,48,1997
4812200,69,3041
8994800,66,1895
37500,46,94
4898000,63,2901
14675700,69,6354
4540300,64,1885
1364100,64,310
15423700,56,2252
17634700,70,3522
22137900,64,2167
14384100,63,3773
11160200,61,1551
14376600,66,767
2242500,58,305
11921900,61,4721
660500,38,434
79700,51,216
4235800,81,968
3919400,81,4928
4276200,74,3550
826000,67,7110
1184200,72,530
427700,74,77
905900,70,467
17335600,80,208
19868400,78,6531
268100,53,1562
7542300,73,1669
358900,63,1249
13537800,73,3795
566700,74,258
10638600,69,4841
13772800,79,3522
11577900,75,3603
44781900,78,4467
47336500,73,3522
1450300,76,457
19341100,70,59
615300,73,248
788200,54,496
19278800,78,1766
17750800,74,1442
2095900,71,449
2099000,65,1004
364000,60,2585
33027700,70,6738
1395100,69,245
21390700,63,1945
58260100,77,2789
9987400,77,723
17457800,75,3236
17851400,69,161
1134800,77,546
45702300,74,605
1422800,70,105
17628800,70,4894
25307200,78,4561
12974200,73,3402
4144800,73,2304
889500,58,6844
23787000,75,3647
22953000,71,6555
34967500,70,6175
9031400,61,4224
3228800,78,3197
8989500,71,5307
22233100,75,7334
9848800,70,1573
24009800,73,2475
5145600,70,365
1000500,60,4112
6047500,66,932
14838300,73,531
435500,66,16
17139000,71,3647
12719100,64,1741
6170900,68,609
1317500,63,900
18902400,68,5592
19086000,59,277
15490900,79,1211
14823700,76,4560
15543800,77,1098
12611900,74,7214
73400,50,11
6643700,74,2181
7495900,76,1948
3260900,66,1610
15751000,75,1462
13936700,75,4164
10463900,75,4203
14103200,69,510
15167800,75,4920
15889400,71,6763
109400,41,2128
8891000,59,179
12545600,77,7595
43200,40,1
1447700,71,40
7292600,69,2837
2269600,74,722
8853400,74,4880
7571300,70,406
12766900,63,3006
104100,44,1463
315400,57,833
20096700,72,2055
1605000,63,672
13661400,71,4716
20438800,69,2467
13702600,69,3381
12893300,61,2971
8352100,79,2083
6562000,72,452
181900,69,11
1217900,59,4674
8493400,71,1016
3122300,71,435
2580800,69,1044
11655500,65,951
3540400,74,1055
3786700,68,90
11349000,72,2531
6359800,66,4692
337700,56,864
5963700,70,4131
3426500,67,1136
2507300,61,1664
1343700,72,36
12419100,70,5733
17702000,72,9404
3418700,63,806
819000,59,5636
11078600,66,2254
2638600,70,1242
3566200,58,2280
7160800,69,437
8992300,64,6926
899300,53,766
646100,63,227
12519300,66,1215
1051600,51,648
18355900,64,515
15248200,56,1188
458300,67,731
12918800,77,5690
75900,43,2648
13465800,70,2506
1645900,77,902
17716900,76,5055
18203300,74,2012
17179000,68,1683
9509900,75,2437
13648100,72,1909
2338700,72,68
17510600,71,2987
597600,61,382
12107200,70,7907
11439200,70,3473
17954600,63,1468
1608800,79,1601
2937600,69,337
19603900,77,4281
2761500,66,452
18500,38,397
16252300,70,6493
15430100,73,2870
3001000,64,1767
14419500,71,1055
9595700,70,3295
48200,36,227
90600,42,412
12780400,70,928
15841100,67,1783
7367200,70,4496
8818300,60,709
4940300,76,5441
5203100,72,4210
1638800,73,142
11843800,68,6232
3746400,72,312
14173600,70,8525
5946200,71,3995
6496100,62,12
18103600,74,6825
1558100,69,400
9874100,70,1517
3664600,63,4119
6914600,71,89
13315300,65,669
13577700,68,762
95800,39,4518
4236200,75,952
371800,57,2803
1443200,71,1160
304800,54,3241
1349500,72,1165
314100,54,2081
16935200,69,7411
1457000,58,393
10495300,68,1918
1450100,67,1746
947600,57,3550
18801400,65,2336
15223800,66,4045
13540400,65,3980
76300,49,99
1671500,55,1426
11051500,75,446
11883700,74,3324
13546400,63,3051
12389700,67,3432
1997900,74,552
15732200,71,1754
3152200,69,227
16058300,63,1835
6086400,75,3101
6869800,71,2096
5836600,70,418
1509800,63,69
2562200,69,126
12971800,63,1303
9413500,70,1415
2019300,62,1331
131500,50,1781
1804100,68,19
13790700,72,3649
1668400,63,53
153400,56,607
16501100,66,3378
13591000,69,5434
3265800,60,407
14683500,70,2829
1516000,65,1512
3322700,65,1225
17198900,62,132
2351200,67,462
626000,49,3388
7660300,64,4347
11707800,58,1832
17533600,73,4923
1633900,69,371
8628600,70,4082
17526400,69,1855
8437100,71,1166
23214000,64,1175
18358600,66,1878
19192300,61,1081
19078500,73,4532
16123700,70,6534
18722600,69,6801
2001900,64,2608
12196000,64,365
12877500,62,1382
18042100,66,3044
3919600,59,6221
3673400,72,2616
6267700,69,1611
459800,56,1223
13413900,64,3166
1660200,64,64
16184800,67,6540
17544200,65,1938
13132900,58,2605
13409300,65,35
1674000,64,2105
764900,52,2546
6522100,60,638
3335500,64,1135
15285400,64,5015
315900,49,1396
2214200,51,665
16960800,83,1408
14268700,76,4898
14856300,78,1979
2436000,71,145
11313900,75,1000
139300,46,3667
18255600,74,2786
2886900,69,385
9874800,77,3508
4296500,73,1166
3143700,74,1398
814400,56,1851
2518600,74,515
11933700,68,3017
9005700,69,2719
9493600,64,2649
14004700,78,580
15525400,73,328
209200,61,386
4691900,69,3594
350800,63,1765
550300,69,60
18812200,72,2422
2506800,64,437
2888500,74,2511
10787800,70,6852
11773500,72,3190
12932300,67,5244
340800,58,854
77705000,66,1557
53157700,70,4073
119500,32,1197
743200,64,5960
281000,72,160
28857200,73,3047
3373400,66,138
1374800,73,123
1591000,67,1217
5358800,72,2115
15931400,63,4751
13407000,71,2673
3320300,69,1721
1207300,68,218
11082400,66,8094
38346400,71,4582
6932300,65,310
35993500,69,5665
1360500,58,337
13020200,73,853
25608300,71,1246
723000,58,3493
20820900,68,4515
898700,59,3350
35421600,65,3927
1717400,64,23
996400,49,2723
1340600,71,78
124700,55,177
13937700,67,2416
7131000,65,996
5128300,66,1280
19557800,63,902
18263900,64,3116
14698900,54,715
3262100,76,376
23430800,76,6026
35223200,75,7067
15411500,69,568
7418700,75,2449
3534100,69,1333
2081500,73,949
11878600,67,3889
2647600,77,1470
18644100,73,3518
23982900,72,1230
3072200,66,650
7420300,71,3295
24811000,70,4155
1061400,54,4773
16268400,63,3967
4529900,73,363
27466600,66,60
3551100,69,2445
1390400,65,1750
2709000,71,2200
14432500,66,4868
2126600,68,2426
14273500,61,2087
16696800,68,178
890200,53,8242
233900,68,530
13981300,63,3825
5546300,67,171
10532000,63,4119
14307300,64,5082
17130300,60,4128
12443000,74,914
5072400,69,2922
11646900,69,850
19752800,68,2389
332800,56,968
4832600,67,393
13047500,66,1893
6915600,63,2364
948500,60,7836
11966600,66,4812
15711600,67,890
3083800,63,1547
9144100,64,398
11686300,64,3862
74600,50,72
137400,44,70
5811400,69,203
5019900,66,852
182400,64,23
1484300,61,295
342600,65,965
13555600,63,1649
16374900,68,2434
764200,55,470
12053500,66,3727
9894600,63,1864
46100,50,127
4249000,61,2207
1090100,64,1615
13722200,59,997
1668500,60,1704
811800,49,1034
120100,65,841
8843100,70,4198
2852100,70,297
11496800,69,1837
1660400,72,639
1914200,71,572
13497600,73,5706
14251000,63,1777
2416100,72,1293
3607800,68,4861
15538700,70,415
14293500,65,694
18915900,69,127
824100,53,1991
10847400,65,558
6288700,62,1039
1119300,74,1442
2270700,67,11
787200,71,482
13573100,69,5534
112800,58,3237
14318400,68,1803
10641600,70,4406
7394200,58,243
3133900,70,1340
11599100,68,2080
3128800,66,467
12937900,64,4536
2152000,68,595
88300,60,57
8541200,60,1562
13225700,56,2367
13598200,75,7030
4657700,70,4438
11890500,70,4082
13645200,66,3670
872800,68,193
5038100,68,3422
6691000,69,452
3037500,61,986
5668800,70,45
830400,54,707
2420200,68,535
14826700,64,5717
2054000,70,1034
1983600,64,594
1617100,62,123
10478300,54,938
10373700,68,2081
15187700,67,89
15759100,68,5598
8886400,63,3420
12829300,68,5085
6810200,65,561
12753300,63,287
8522500,61,2407
9182000,66,2522
1760700,63,62
14148400,64,3975
7528500,63,3959
84200,62,23
11702700,59,3427
589700,49,4372
14496900,54,7349
490100,59,1278
356700,56,1610
12982500,72,2539
12034500,68,7220
12882900,70,2858
2389600,65,558
1205700,66,1012
3578800,63,1451
1594800,69,569
13447000,69,3990
4036100,69,3339
1374900,62,905
16747700,71,5278
7079100,63,3637
17316400,65,375
16500300,59,3671
1769300,70,3239
10256100,67,3887
17055900,68,2937
18664400,63,2427
2640800,71,795
694600,51,1296
10874700,64,465
11765500,59,2602
7674500,71,3471
7093800,62,3204
13237300,65,1465
5115300,62,2261
6305200,65,518
8355400,63,3203
6239200,60,181
4054700,53,1383
629300,59,3893
15174000,68,8753
17777100,71,6394
12707700,62,1107
7725700,71,5465
6393800,62,255
6426400,66,3371
14286700,57,290
8910600,66,1395
6967500,64,1212
648100,51,3375
14659200,60,1660
14397000,65,1283
12788600,60,1870
13423100,59,1796
11062700,51,52
18815800,68,3182
7993300,62,431
12802800,63,1480
3302200,59,673
17793900,65,271
405100,60,1004
18515200,64,3424
17792500,56,1267
839600,63,804
13622900,61,5659
5578900,60,1629
3447800,59,5442
11737900,62,1638
2649700,58,1628
9723700,58,3170
10813300,43,3233
285400,77,8
12484700,80,1986
13786200,79,594
445000,71,371
17848500,83,1412
39900,38,152
9800000,75,1861
469100,56,5047
10851900,76,1136
301100,58,4088
13403100,77,1044
4727300,72,1889
4381600,75,373
1086500,69,2296
12554900,73,1213
3247300,63,1763
752100,78,946
1207000,75,1366
9255000,75,8815
1476200,72,2896
969800,74,337
13308700,74,3651
10229400,75,1377
14528500,65,4644
12537300,76,3660
2839600,71,2269
4603600,72,6399
15319300,69,178
202300,55,1813
13972500,72,5177
9241600,66,416
17017700,61,631
266700,76,79
1345100,72,145
16427400,78,963
56500,52,29
2719500,73,727
671000,71,216
17548300,74,2403
6090100,65,318
2137900,77,640
13172400,75,6674
478400,70,297
6046000,71,5689
12796400,78,5109
329600,53,3779
13962400,70,1234
15087300,63,485
10271600,74,901
8172100,72,441
23053900,73,1452
16317800,70,1976
6047000,70,1155
15517100,67,3694
15816600,71,3792
15165800,65,4487
12316800,74,4523
5566300,66,836
324400,55,2194
441800,64,178
4687400,73,1334
6026500,68,4998
5536700,67,2038
11355400,59,8321
938200,76,63
272600,56,239
1778200,77,2218
4553400,71,4795
140000,59,434
2790900,71,1077
6852200,72,4695
11938700,69,1751
6273400,77,1543
4043200,71,1007
77100,69,16
11249700,67,2312
10655500,74,4184
53213400,71,2609
6604600,71,1416
29650400,62,6546
4741400,77,2893
18839000,70,6884
28675200,72,1441
15903800,66,5193
29141800,70,143
1881200,69,1415
3129500,67,92
1893300,62,1281
524600,70,189
15578600,71,4074
24478200,69,6799
5065300,64,3369
15938100,70,8384
14510900,66,954
1973500,66,952
17340900,61,3426
1597000,74,42
284400,56,613
31601600,73,1010
2115300,66,241
4339400,71,433
9751400,70,4911
11347200,69,619
18045100,68,8517
11262100,74,5353
21594600,67,2979
13400700,70,8404
11653300,65,1894
37600,41,1678
4094000,67,712
824000,66,728
30233200,59,4458
379500,56,3887
97500,45,1081
41510800,69,2192
38419200,64,3672
10094400,68,3352
2448600,65,1482
7168800,67,2031
5810200,59,104
80800,53,1853
5714700,63,91
4121800,67,1087
6863400,59,726
704000,62,12
4405600,62,639
25209300,63,3462
2318500,54,675
422600,64,3916
3228700,75,4866
19000200,77,887
30060500,71,4182
3261900,78,3059
14432900,74,4475
6914700,73,1565
1812000,67,1297
406800,75,349
5515100,72,3427
120600,39,613
14543900,69,2777
19102100,73,5966
4810400,69,1246
113200,65,16
14398300,65,5781
10763400,77,557
13451000,74,1402
9328800,74,3959
5042800,67,2631
11458700,75,6303
7383000,68,235
8778200,69,7980
11526600,64,894
18194500,75,2616
8632300,66,3585
4137100,73,4030
10593600,67,4534
777800,72,936
12157100,64,1494
6578900,70,3104
740300,56,1652
10200800,74,2450
2626500,71,2017
131300,57,2119
16538200,71,5292
15550300,71,2441
3621200,67,440
3444300,65,11
264100,63,99
12161700,76,2849
16367400,71,2124
122400,46,1923
14511300,66,3199
13788500,70,3005
9567100,70,7497
11977100,66,101
14318800,61,8347
460800,71,27
12876200,68,213
4672600,69,3249
12427400,66,4418
173000,64,1
1762000,65,2094
3303600,64,1317
309800,47,5772
12398800,71,7999
9860000,64,1535
5302400,70,2179
710900,62,1018
1549100,67,2764
3393600,63,1676
2478600,61,748
537200,54,670
5203700,77,2961
5245400,71,1227
729800,69,94
9433000,67,2586
13219600,74,3339
12815100,68,3770
14942500,68,704
12541600,63,3628
584500,72,768
536800,66,704
12404300,70,5433
15296700,66,3635
537100,69,261
412300,65,1488
11735500,67,4064
7069200,59,1663
488800,73,1002
865400,65,15
15423000,70,2245
1093100,65,806
190300,54,4460
865000,64,1430
17918100,69,3491
